n01629819_0.JPEG	13	19	55	42
n01629819_1.JPEG	15	31	41	39
n01629819_2.JPEG	11	4	55	44
n01629819_3.JPEG	0	10	63	62
n01629819_4.JPEG	0	17	54	48
n01629819_5.JPEG	7	14	63	63
n01629819_6.JPEG	14	21	59	41
n01629819_7.JPEG	5	13	53	57
n01629819_8.JPEG	0	4	63	61
n01629819_9.JPEG	20	17	45	45
n01629819_10.JPEG	0	4	63	48
n01629819_11.JPEG	29	9	46	33
n01629819_12.JPEG	6	13	63	51
n01629819_13.JPEG	9	1	63	57
n01629819_14.JPEG	7	9	58	55
n01629819_15.JPEG	0	16	63	58
n01629819_16.JPEG	10	26	63	46
n01629819_17.JPEG	12	15	59	40
n01629819_18.JPEG	2	17	63	60
n01629819_19.JPEG	0	24	63	60
n01629819_20.JPEG	0	7	63	63
n01629819_21.JPEG	15	6	63	53
n01629819_22.JPEG	0	1	51	47
n01629819_23.JPEG	19	14	62	45
n01629819_24.JPEG	1	18	63	51
n01629819_25.JPEG	0	9	63	56
n01629819_26.JPEG	3	13	63	60
n01629819_27.JPEG	0	2	63	58
n01629819_28.JPEG	2	6	63	58
n01629819_29.JPEG	0	21	60	44
n01629819_30.JPEG	0	18	63	54
n01629819_31.JPEG	0	26	63	48
n01629819_32.JPEG	0	9	63	51
n01629819_33.JPEG	0	15	50	63
n01629819_34.JPEG	25	24	61	50
n01629819_35.JPEG	43	33	63	46
n01629819_36.JPEG	0	25	60	54
n01629819_37.JPEG	17	4	41	59
n01629819_38.JPEG	6	24	34	62
n01629819_39.JPEG	0	15	61	63
n01629819_40.JPEG	0	12	50	48
n01629819_41.JPEG	0	21	63	44
n01629819_42.JPEG	27	12	43	61
n01629819_43.JPEG	5	28	58	39
n01629819_44.JPEG	2	12	61	63
n01629819_45.JPEG	2	10	63	47
n01629819_46.JPEG	0	13	60	56
n01629819_47.JPEG	0	14	63	51
n01629819_48.JPEG	1	4	62	61
n01629819_49.JPEG	0	5	63	39
