n01774750_0.JPEG	19	18	55	49
n01774750_1.JPEG	1	6	63	63
n01774750_2.JPEG	13	13	52	41
n01774750_3.JPEG	0	1	63	63
n01774750_4.JPEG	0	2	63	63
n01774750_5.JPEG	4	8	53	56
n01774750_6.JPEG	7	14	63	56
n01774750_7.JPEG	0	11	61	58
n01774750_8.JPEG	10	23	63	63
n01774750_9.JPEG	0	0	63	61
n01774750_10.JPEG	12	28	52	51
n01774750_11.JPEG	18	11	49	56
n01774750_12.JPEG	0	1	63	63
n01774750_13.JPEG	0	4	60	58
n01774750_14.JPEG	0	2	63	63
n01774750_15.JPEG	0	0	62	63
n01774750_16.JPEG	0	1	60	63
n01774750_17.JPEG	1	13	63	54
n01774750_18.JPEG	0	9	61	56
n01774750_19.JPEG	3	6	63	63
n01774750_20.JPEG	0	5	63	54
n01774750_21.JPEG	7	18	58	61
n01774750_22.JPEG	3	9	63	61
n01774750_23.JPEG	0	0	63	63
n01774750_24.JPEG	19	17	48	46
n01774750_25.JPEG	19	1	63	58
n01774750_26.JPEG	18	16	35	29
n01774750_27.JPEG	0	1	57	59
n01774750_28.JPEG	0	5	63	61
n01774750_29.JPEG	4	21	63	62
n01774750_30.JPEG	1	0	53	62
n01774750_31.JPEG	2	1	63	63
n01774750_32.JPEG	0	1	63	63
n01774750_33.JPEG	0	10	63	63
n01774750_34.JPEG	17	14	50	44
n01774750_35.JPEG	0	15	63	59
n01774750_36.JPEG	0	8	63	63
n01774750_37.JPEG	23	29	46	43
n01774750_38.JPEG	0	3	63	61
n01774750_39.JPEG	0	0	43	49
n01774750_40.JPEG	0	1	39	63
n01774750_41.JPEG	0	2	63	63
n01774750_42.JPEG	0	20	63	53
n01774750_43.JPEG	0	26	63	60
n01774750_44.JPEG	0	13	63	61
n01774750_45.JPEG	10	19	52	52
n01774750_46.JPEG	0	3	63	63
n01774750_47.JPEG	0	1	63	63
n01774750_48.JPEG	11	4	55	57
n01774750_49.JPEG	0	8	63	63
