n01644900_0.JPEG	2	10	63	63
n01644900_1.JPEG	7	6	60	59
n01644900_2.JPEG	11	16	58	62
n01644900_3.JPEG	4	12	63	55
n01644900_4.JPEG	18	9	63	62
n01644900_5.JPEG	0	0	63	63
n01644900_6.JPEG	26	18	42	38
n01644900_7.JPEG	0	8	63	56
n01644900_8.JPEG	33	47	43	54
n01644900_9.JPEG	0	23	63	63
n01644900_10.JPEG	0	2	63	57
n01644900_11.JPEG	4	23	63	47
n01644900_12.JPEG	0	3	63	60
n01644900_13.JPEG	13	23	47	45
n01644900_14.JPEG	16	13	47	55
n01644900_15.JPEG	1	13	59	51
n01644900_16.JPEG	0	4	63	63
n01644900_17.JPEG	0	6	58	60
n01644900_18.JPEG	25	26	39	46
n01644900_19.JPEG	6	6	63	58
n01644900_20.JPEG	17	10	63	60
n01644900_21.JPEG	6	11	55	46
n01644900_22.JPEG	3	0	61	63
n01644900_23.JPEG	10	18	52	60
n01644900_24.JPEG	34	22	48	35
n01644900_25.JPEG	0	13	60	53
n01644900_26.JPEG	9	25	40	58
n01644900_27.JPEG	13	15	46	53
n01644900_28.JPEG	9	7	62	62
n01644900_29.JPEG	6	10	47	55
n01644900_30.JPEG	2	12	63	55
n01644900_31.JPEG	0	1	61	62
n01644900_32.JPEG	1	17	63	55
n01644900_33.JPEG	2	15	56	46
n01644900_34.JPEG	8	12	63	53
n01644900_35.JPEG	25	27	46	49
n01644900_36.JPEG	0	17	63	49
n01644900_37.JPEG	7	1	58	63
n01644900_38.JPEG	0	7	63	63
n01644900_39.JPEG	20	22	49	46
n01644900_40.JPEG	9	23	43	41
n01644900_41.JPEG	23	12	63	63
n01644900_42.JPEG	17	17	58	45
n01644900_43.JPEG	16	11	63	44
n01644900_44.JPEG	20	20	51	42
n01644900_45.JPEG	0	8	63	60
n01644900_46.JPEG	15	19	39	40
n01644900_47.JPEG	6	21	52	63
n01644900_48.JPEG	0	9	63	54
n01644900_49.JPEG	0	15	63	57
