n01742172_0.JPEG	0	2	63	63
n01742172_1.JPEG	28	19	39	60
n01742172_2.JPEG	20	21	55	49
n01742172_3.JPEG	0	1	63	56
n01742172_4.JPEG	0	0	45	63
n01742172_5.JPEG	0	10	63	57
n01742172_6.JPEG	0	0	63	54
n01742172_7.JPEG	0	12	63	33
n01742172_8.JPEG	0	9	63	61
n01742172_9.JPEG	0	13	63	63
n01742172_10.JPEG	0	13	59	53
n01742172_11.JPEG	0	0	63	52
n01742172_12.JPEG	1	17	46	60
n01742172_13.JPEG	0	0	63	63
n01742172_14.JPEG	17	10	61	47
n01742172_15.JPEG	0	21	63	63
n01742172_16.JPEG	0	3	63	62
n01742172_17.JPEG	0	5	63	63
n01742172_18.JPEG	6	23	63	53
n01742172_19.JPEG	12	17	50	41
n01742172_20.JPEG	0	8	61	57
n01742172_21.JPEG	0	2	63	63
n01742172_22.JPEG	0	1	63	63
n01742172_23.JPEG	0	11	63	63
n01742172_24.JPEG	0	7	63	52
n01742172_25.JPEG	9	2	56	62
n01742172_26.JPEG	0	18	63	63
n01742172_27.JPEG	5	0	63	63
n01742172_28.JPEG	0	0	49	63
n01742172_29.JPEG	0	1	63	63
n01742172_30.JPEG	1	8	63	47
n01742172_31.JPEG	0	1	63	61
n01742172_32.JPEG	13	0	46	63
n01742172_33.JPEG	0	10	63	52
n01742172_34.JPEG	0	17	63	63
n01742172_35.JPEG	0	14	63	63
n01742172_36.JPEG	0	1	63	63
n01742172_37.JPEG	0	17	49	63
n01742172_38.JPEG	0	17	63	63
n01742172_39.JPEG	0	0	63	62
n01742172_40.JPEG	0	26	35	55
n01742172_41.JPEG	0	4	63	63
n01742172_42.JPEG	32	0	63	63
n01742172_43.JPEG	6	8	58	56
n01742172_44.JPEG	0	1	63	63
n01742172_45.JPEG	0	3	63	63
n01742172_46.JPEG	0	0	63	63
n01742172_47.JPEG	0	18	63	48
n01742172_48.JPEG	12	9	59	59
n01742172_49.JPEG	0	3	63	63
