n01774384_0.JPEG	2	6	63	63
n01774384_1.JPEG	7	18	63	55
n01774384_2.JPEG	0	15	63	54
n01774384_3.JPEG	13	7	43	59
n01774384_4.JPEG	0	5	44	58
n01774384_5.JPEG	6	7	62	52
n01774384_6.JPEG	0	11	57	62
n01774384_7.JPEG	23	12	63	60
n01774384_8.JPEG	18	16	47	60
n01774384_9.JPEG	22	19	46	34
n01774384_10.JPEG	5	5	58	61
n01774384_11.JPEG	16	0	46	63
n01774384_12.JPEG	2	9	63	62
n01774384_13.JPEG	15	17	36	63
n01774384_14.JPEG	20	0	46	63
n01774384_15.JPEG	14	36	35	58
n01774384_16.JPEG	0	4	43	61
n01774384_17.JPEG	1	7	41	49
n01774384_18.JPEG	0	0	63	63
n01774384_19.JPEG	17	10	57	49
n01774384_20.JPEG	22	8	46	29
n01774384_21.JPEG	2	7	63	60
n01774384_22.JPEG	3	0	63	63
n01774384_23.JPEG	8	14	50	60
n01774384_24.JPEG	21	11	41	42
n01774384_25.JPEG	1	0	50	63
n01774384_26.JPEG	4	34	34	56
n01774384_27.JPEG	17	21	63	46
n01774384_28.JPEG	14	15	59	49
n01774384_29.JPEG	13	20	57	61
n01774384_30.JPEG	24	16	46	38
n01774384_31.JPEG	6	9	58	58
n01774384_32.JPEG	0	3	63	63
n01774384_33.JPEG	25	1	52	63
n01774384_34.JPEG	16	10	48	63
n01774384_35.JPEG	1	0	63	57
n01774384_36.JPEG	21	20	38	37
n01774384_37.JPEG	15	0	61	63
n01774384_38.JPEG	8	3	55	60
n01774384_39.JPEG	14	17	55	42
n01774384_40.JPEG	14	20	58	42
n01774384_41.JPEG	0	3	63	59
n01774384_42.JPEG	0	0	63	63
n01774384_43.JPEG	23	23	49	39
n01774384_44.JPEG	16	0	51	55
n01774384_45.JPEG	11	0	62	62
n01774384_46.JPEG	9	19	63	49
n01774384_47.JPEG	23	3	48	38
n01774384_48.JPEG	23	26	56	53
n01774384_49.JPEG	25	20	44	44
