n01768244_0.JPEG	4	11	63	49
n01768244_1.JPEG	7	11	40	34
n01768244_2.JPEG	0	19	63	61
n01768244_3.JPEG	2	21	63	60
n01768244_4.JPEG	0	8	63	61
n01768244_5.JPEG	15	10	50	61
n01768244_6.JPEG	5	0	57	63
n01768244_7.JPEG	9	9	53	58
n01768244_8.JPEG	4	3	63	55
n01768244_9.JPEG	8	6	48	55
n01768244_10.JPEG	0	6	56	49
n01768244_11.JPEG	3	12	63	55
n01768244_12.JPEG	0	6	63	57
n01768244_13.JPEG	26	17	41	40
n01768244_14.JPEG	0	15	52	59
n01768244_15.JPEG	11	4	52	63
n01768244_16.JPEG	1	8	57	55
n01768244_17.JPEG	4	0	55	63
n01768244_18.JPEG	9	6	59	56
n01768244_19.JPEG	0	14	63	56
n01768244_20.JPEG	0	0	61	63
n01768244_21.JPEG	2	9	63	58
n01768244_22.JPEG	0	20	26	61
n01768244_23.JPEG	20	25	56	46
n01768244_24.JPEG	0	7	63	57
n01768244_25.JPEG	27	30	40	40
n01768244_26.JPEG	30	14	63	42
n01768244_27.JPEG	0	11	63	54
n01768244_28.JPEG	0	1	63	63
n01768244_29.JPEG	0	1	63	63
n01768244_30.JPEG	3	13	53	48
n01768244_31.JPEG	1	6	63	57
n01768244_32.JPEG	0	0	63	60
n01768244_33.JPEG	14	12	47	57
n01768244_34.JPEG	0	5	63	61
n01768244_35.JPEG	5	10	63	51
n01768244_36.JPEG	0	4	63	63
n01768244_37.JPEG	0	4	63	51
n01768244_38.JPEG	5	7	28	25
n01768244_39.JPEG	0	1	52	56
n01768244_40.JPEG	1	19	63	55
n01768244_41.JPEG	3	15	55	45
n01768244_42.JPEG	8	0	62	63
n01768244_43.JPEG	8	6	56	60
n01768244_44.JPEG	12	10	41	50
n01768244_45.JPEG	14	5	47	34
n01768244_46.JPEG	18	5	45	61
n01768244_47.JPEG	0	10	63	56
n01768244_48.JPEG	0	6	63	58
n01768244_49.JPEG	35	25	59	43
