n01641577_0.JPEG	0	22	63	60
n01641577_1.JPEG	0	5	63	63
n01641577_2.JPEG	0	30	43	50
n01641577_3.JPEG	16	19	63	63
n01641577_4.JPEG	0	8	63	63
n01641577_5.JPEG	17	5	61	48
n01641577_6.JPEG	4	3	61	61
n01641577_7.JPEG	18	30	41	41
n01641577_8.JPEG	0	18	63	63
n01641577_9.JPEG	0	6	63	63
n01641577_10.JPEG	25	11	63	43
n01641577_11.JPEG	25	24	63	62
n01641577_12.JPEG	0	4	63	63
n01641577_13.JPEG	18	21	46	42
n01641577_14.JPEG	0	13	63	56
n01641577_15.JPEG	6	9	61	43
n01641577_16.JPEG	0	11	51	37
n01641577_17.JPEG	0	12	39	62
n01641577_18.JPEG	12	19	51	45
n01641577_19.JPEG	16	20	63	57
n01641577_20.JPEG	3	17	63	52
n01641577_21.JPEG	2	12	42	63
n01641577_22.JPEG	0	18	63	61
n01641577_23.JPEG	0	9	63	50
n01641577_24.JPEG	10	14	63	49
n01641577_25.JPEG	8	17	60	54
n01641577_26.JPEG	16	20	63	37
n01641577_27.JPEG	0	11	59	37
n01641577_28.JPEG	20	22	50	33
n01641577_29.JPEG	8	15	56	46
n01641577_30.JPEG	26	24	60	56
n01641577_31.JPEG	15	8	56	43
n01641577_32.JPEG	0	10	63	63
n01641577_33.JPEG	0	10	63	63
n01641577_34.JPEG	9	17	36	46
n01641577_35.JPEG	3	22	54	50
n01641577_36.JPEG	5	10	57	42
n01641577_37.JPEG	5	10	63	56
n01641577_38.JPEG	3	10	63	58
n01641577_39.JPEG	1	14	63	63
n01641577_40.JPEG	37	49	52	63
n01641577_41.JPEG	1	9	63	58
n01641577_42.JPEG	1	19	47	51
n01641577_43.JPEG	6	17	63	48
n01641577_44.JPEG	0	17	63	63
n01641577_45.JPEG	18	4	63	63
n01641577_46.JPEG	0	9	63	50
n01641577_47.JPEG	5	15	54	51
n01641577_48.JPEG	12	20	63	58
n01641577_49.JPEG	5	21	63	57
