n01443537_0.JPEG	0	10	63	58
n01443537_1.JPEG	14	2	54	49
n01443537_2.JPEG	0	0	63	63
n01443537_3.JPEG	0	16	48	54
n01443537_4.JPEG	15	0	51	63
n01443537_5.JPEG	0	0	63	63
n01443537_6.JPEG	13	21	52	41
n01443537_7.JPEG	0	0	63	63
n01443537_8.JPEG	0	14	37	36
n01443537_9.JPEG	16	18	56	53
n01443537_10.JPEG	1	17	58	56
n01443537_11.JPEG	0	0	61	52
n01443537_12.JPEG	4	3	61	63
n01443537_13.JPEG	51	7	63	16
n01443537_14.JPEG	34	21	63	54
n01443537_15.JPEG	0	1	52	56
n01443537_16.JPEG	0	14	32	36
n01443537_17.JPEG	0	8	63	58
n01443537_18.JPEG	0	21	41	53
n01443537_19.JPEG	12	6	63	59
n01443537_20.JPEG	17	3	52	43
n01443537_21.JPEG	26	25	50	48
n01443537_22.JPEG	13	39	37	50
n01443537_23.JPEG	0	12	63	63
n01443537_24.JPEG	0	17	63	59
n01443537_25.JPEG	0	2	63	63
n01443537_26.JPEG	0	5	63	63
n01443537_27.JPEG	21	1	63	29
n01443537_28.JPEG	0	0	63	40
n01443537_29.JPEG	0	0	63	63
n01443537_30.JPEG	0	13	63	50
n01443537_31.JPEG	2	0	63	63
n01443537_32.JPEG	0	9	63	43
n01443537_33.JPEG	0	6	48	51
n01443537_34.JPEG	0	15	63	54
n01443537_35.JPEG	4	10	61	56
n01443537_36.JPEG	0	15	63	56
n01443537_37.JPEG	9	12	63	53
n01443537_38.JPEG	37	16	61	62
n01443537_39.JPEG	9	1	63	60
n01443537_40.JPEG	6	11	63	50
n01443537_41.JPEG	4	13	56	41
n01443537_42.JPEG	0	12	63	40
n01443537_43.JPEG	0	2	63	56
n01443537_44.JPEG	0	6	63	63
n01443537_45.JPEG	21	6	45	53
n01443537_46.JPEG	0	5	63	60
n01443537_47.JPEG	0	30	48	53
n01443537_48.JPEG	0	4	63	61
n01443537_49.JPEG	2	15	33	53