n01784675_0.JPEG	0	1	63	54
n01784675_1.JPEG	11	6	62	55
n01784675_2.JPEG	12	17	46	34
n01784675_3.JPEG	0	0	59	51
n01784675_4.JPEG	3	11	63	50
n01784675_5.JPEG	0	12	63	46
n01784675_6.JPEG	0	1	63	63
n01784675_7.JPEG	1	17	62	49
n01784675_8.JPEG	0	1	63	58
n01784675_9.JPEG	23	5	52	63
n01784675_10.JPEG	23	0	37	50
n01784675_11.JPEG	9	46	53	63
n01784675_12.JPEG	0	13	63	63
n01784675_13.JPEG	13	16	55	40
n01784675_14.JPEG	0	3	63	63
n01784675_15.JPEG	17	13	34	62
n01784675_16.JPEG	0	0	63	63
n01784675_17.JPEG	0	0	61	63
n01784675_18.JPEG	9	31	61	57
n01784675_19.JPEG	13	8	57	50
n01784675_20.JPEG	0	0	63	61
n01784675_21.JPEG	18	28	44	43
n01784675_22.JPEG	34	12	48	55
n01784675_23.JPEG	8	0	44	63
n01784675_24.JPEG	23	1	43	62
n01784675_25.JPEG	0	1	63	63
n01784675_26.JPEG	0	3	63	59
n01784675_27.JPEG	0	1	63	55
n01784675_28.JPEG	24	1	49	63
n01784675_29.JPEG	0	0	63	63
n01784675_30.JPEG	0	7	63	58
n01784675_31.JPEG	25	2	63	40
n01784675_32.JPEG	8	26	52	37
n01784675_33.JPEG	13	24	51	53
n01784675_34.JPEG	1	48	52	56
n01784675_35.JPEG	19	23	51	56
n01784675_36.JPEG	8	9	54	46
n01784675_37.JPEG	0	7	61	63
n01784675_38.JPEG	0	1	63	46
n01784675_39.JPEG	0	2	63	59
n01784675_40.JPEG	0	6	63	62
n01784675_41.JPEG	6	18	53	34
n01784675_42.JPEG	24	18	56	46
n01784675_43.JPEG	17	26	63	43
n01784675_44.JPEG	34	28	63	60
n01784675_45.JPEG	1	0	63	63
n01784675_46.JPEG	35	10	49	55
n01784675_47.JPEG	11	14	29	27
n01784675_48.JPEG	0	12	63	62
n01784675_49.JPEG	27	20	60	41
