n01770393_0.JPEG	5	5	56	60
n01770393_1.JPEG	0	2	63	62
n01770393_2.JPEG	36	42	49	61
n01770393_3.JPEG	9	0	54	63
n01770393_4.JPEG	9	13	61	54
n01770393_5.JPEG	29	19	53	61
n01770393_6.JPEG	4	3	57	61
n01770393_7.JPEG	17	13	63	52
n01770393_8.JPEG	8	9	63	60
n01770393_9.JPEG	0	5	55	58
n01770393_10.JPEG	1	6	63	55
n01770393_11.JPEG	0	13	56	52
n01770393_12.JPEG	27	3	57	52
n01770393_13.JPEG	0	8	63	57
n01770393_14.JPEG	0	8	63	58
n01770393_15.JPEG	0	7	61	53
n01770393_16.JPEG	17	0	53	47
n01770393_17.JPEG	33	19	58	35
n01770393_18.JPEG	0	16	63	55
n01770393_19.JPEG	10	22	47	44
n01770393_20.JPEG	11	3	60	61
n01770393_21.JPEG	3	11	55	53
n01770393_22.JPEG	26	25	60	52
n01770393_23.JPEG	12	4	63	60
n01770393_24.JPEG	5	21	56	56
n01770393_25.JPEG	1	5	61	60
n01770393_26.JPEG	0	8	63	55
n01770393_27.JPEG	5	3	63	62
n01770393_28.JPEG	0	8	63	56
n01770393_29.JPEG	22	28	44	44
n01770393_30.JPEG	0	8	63	56
n01770393_31.JPEG	18	2	46	63
n01770393_32.JPEG	14	17	47	47
n01770393_33.JPEG	0	9	63	54
n01770393_34.JPEG	7	17	63	53
n01770393_35.JPEG	0	6	63	63
n01770393_36.JPEG	0	15	63	50
n01770393_37.JPEG	7	14	63	55
n01770393_38.JPEG	0	9	63	58
n01770393_39.JPEG	8	14	63	63
n01770393_40.JPEG	1	1	63	63
n01770393_41.JPEG	31	14	49	39
n01770393_42.JPEG	0	8	63	62
n01770393_43.JPEG	0	6	63	63
n01770393_44.JPEG	6	22	54	63
n01770393_45.JPEG	0	7	63	52
n01770393_46.JPEG	0	3	63	63
n01770393_47.JPEG	24	21	37	44
n01770393_48.JPEG	2	5	54	59
n01770393_49.JPEG	0	1	63	61
