n01698640_0.JPEG	0	7	63	56
n01698640_1.JPEG	0	1	63	63
n01698640_2.JPEG	0	14	63	56
n01698640_3.JPEG	0	21	56	33
n01698640_4.JPEG	0	0	63	59
n01698640_5.JPEG	0	15	63	53
n01698640_6.JPEG	0	3	22	37
n01698640_7.JPEG	0	27	63	44
n01698640_8.JPEG	0	21	63	49
n01698640_9.JPEG	0	27	63	42
n01698640_10.JPEG	0	17	63	61
n01698640_11.JPEG	5	12	63	30
n01698640_12.JPEG	0	23	62	52
n01698640_13.JPEG	2	27	57	39
n01698640_14.JPEG	0	1	63	63
n01698640_15.JPEG	27	34	63	52
n01698640_16.JPEG	0	0	63	48
n01698640_17.JPEG	0	7	63	63
n01698640_18.JPEG	0	15	63	59
n01698640_19.JPEG	0	1	63	56
n01698640_20.JPEG	0	0	63	63
n01698640_21.JPEG	13	29	63	41
n01698640_22.JPEG	0	26	63	42
n01698640_23.JPEG	0	23	63	40
n01698640_24.JPEG	0	24	63	48
n01698640_25.JPEG	0	22	63	63
n01698640_26.JPEG	0	4	63	56
n01698640_27.JPEG	6	3	63	63
n01698640_28.JPEG	0	11	63	42
n01698640_29.JPEG	0	19	63	48
n01698640_30.JPEG	0	0	63	63
n01698640_31.JPEG	0	27	44	42
n01698640_32.JPEG	9	25	63	43
n01698640_33.JPEG	0	19	63	63
n01698640_34.JPEG	0	27	63	45
n01698640_35.JPEG	0	15	63	63
n01698640_36.JPEG	0	5	63	56
n01698640_37.JPEG	9	18	63	43
n01698640_38.JPEG	0	13	63	58
n01698640_39.JPEG	5	0	55	63
n01698640_40.JPEG	0	37	59	49
n01698640_41.JPEG	1	0	63	63
n01698640_42.JPEG	6	17	62	54
n01698640_43.JPEG	0	19	63	53
n01698640_44.JPEG	0	26	63	42
n01698640_45.JPEG	0	1	63	48
n01698640_46.JPEG	0	10	63	60
n01698640_47.JPEG	0	13	63	44
n01698640_48.JPEG	0	19	63	51
n01698640_49.JPEG	0	18	63	43
